5000
2495 4573
2495 2930
2495 1629
2495 2864
2495 3154
2495 3461
2495 4521
2495 1498
2495 2655
2495 4661
4661 3049
2495 4395
2495 880
2495 4176
2495 1296
1498 4970
2495 3142
2495 1389
2495 1194
2495 667
2495 4474
2495 1264
2495 3504
2495 4697
2495 433
2495 1630
3461 3513
2495 3876
2495 3258
2495 81
1389 2906
2495 3187
2495 3424
2495 3462
3154 1119
2495 4993
667 2008
2495 2935
81 3428
2495 1928
2495 1588
2495 2325
2495 2933
2495 2932
2495 3203
2495 4443
4573 1087
2495 445
2495 2145
4697 4379
3203 2549
2495 1857
2495 4356
2495 1989
2495 3845
2495 980
2495 1437
2495 3875
1630 4036
2495 3831
2495 2255
2495 4144
2495 4578
2495 3300
2495 3206
2932 2329
2495 1642
2495 4446
3513 2671
4379 3604
3875 2893
2495 2361
2495 3940
4443 3326
2495 2059
2495 1223
2495 685
1389 3413
2495 937
2495 4241
2495 2758
2495 4659
2495 4508
2495 2225
2495 4076
2935 48
2495 4656
2495 3442
2495 4714
2495 2944
2495 3052
2495 4016
2495 634
2495 4499
2495 995
2495 493
980 3381
2495 780
2495 2358
2495 2736
2495 2458
2495 3013
4578 398
2495 1166
81 887
2495 4220
2495 4877
2495 3382
2495 1186
2495 3565
2495 2489
2495 4738
2495 4472
4395 3812
2495 4767
2495 350
2495 177
2495 2789
2495 4059
4241 355
2495 198
2495 3701
2495 1854
2495 2066
2495 3067
2495 173
2495 86
2495 596
2495 111
2495 926
2495 720
2495 2693
887 2075
445 555
2495 3584
2495 928
2495 1322
2495 3774
2495 4251
2495 1176
2495 2436
2495 232
2495 4707
2495 4156
667 3121
2495 1512
2495 1533
2495 3881
2495 1307
3831 1299
2495 721
2495 1445
2495 1605
2495 3753
2495 2354
2495 1607
2495 4836
2495 2379
2495 1228
2495 4924
2495 817
2495 1643
3513 3055
2495 3606
2495 2383
2495 1362
2495 3544
2495 2248
2495 1707
2864 4277
2495 1658
2495 346
2495 304
2495 2679
2495 3866
2495 4538
2495 2562
2495 4694
2495 1064
2495 779
2495 3893
2495 1248
2495 541
2495 1918
2495 447
1607 3222
2495 4869
2495 44
2495 2409
2495 264
2495 2873
2495 98
2495 4642
2495 4879
2495 1090
3300 1827
2495 3367
2361 1961
2495 4788
2495 1520
2495 1983
2495 286
2495 4923
2495 4489
2495 3217
2495 4913
2495 2269
2495 3357
2495 1889
2495 2550
2495 38
2495 3554
2495 1174
2495 3218
2495 2505
2495 4017
2495 4600
2495 2653
2495 1583
4970 537
1607 3579
2495 3027
2495 1664
2495 1073
2495 1424
2495 2198
1186 2994
493 1783
2495 2207
2495 3302
2495 295
2495 1733
2495 1246
2495 755
2495 4848
2495 2985
1605 1695
2495 4055
2495 3177
2495 2857
2495 4925
2495 848
3382 4011
2329 3526
2495 3278
2495 3856
2495 1553
2495 339
2495 3762
2495 60
2495 4597
2495 2704
1424 2471
2495 2769
4076 3229
2495 4562
2225 1037
2495 2518
2495 2347
2495 3853
2495 1569
2495 4157
2495 2508
2495 580
2495 4061
2495 2986
2495 4434
1827 2211
2269 2936
2495 718
2495 1775
2495 4975
2495 843
2495 763
2495 774
2495 4964
2495 2215
2495 3736
2409 1285
2495 377
4157 4851
2495 4057
2495 1560
2495 4320
2495 3663
2495 2165
2145 2720
2495 1801
2495 2596
2495 4211
2325 981
2495 3523
2495 4845
2495 3308
2495 4445
2495 1582
2495 2820
3462 4085
2495 4369
2495 2243
2550 187
2495 1551
2495 4945
2495 3267
2495 1840
2495 3393
2495 4388
2248 1062
2655 3070
2495 4184
1119 1108
2495 2718
2495 50
2198 2202
2495 4019
2495 4819
2495 11
3856 3822
2495 3426
2495 1204
3424 360
2495 4504
1090 4857
2495 1156
2495 1460
2495 4652
2495 3266
2495 1043
2736 1712
537 838
2495 1276
2495 2632
2495 3945
2495 3977
2495 4560
2495 4022
2495 3679
3876 1628
2495 3149
2495 4259
2198 1072
2495 3351
2495 3196
2495 9
2495 3064
4504 4623
2495 1531
2495 2766
2495 52
2495 1179
2944 3035
2495 4871
2495 456
2944 4086
2495 2437
2495 1808
2495 3677
2495 4782
2495 776
3382 3719
2495 935
1179 808
2495 953
2495 2475
2495 4787
2495 2213
2495 3080
1204 1935
2495 4757
2495 281
2495 732
2495 1654
3812 3005
2495 2108
3856 3802
2495 1809
2495 2677
2495 4957
4871 382
779 3298
2059 106
3881 3857
2495 1334
2495 724
2495 4468
3719 2483
2495 3123
2379 4950
4468 4153
2495 1612
2495 2148
2495 4778
2495 569
2495 4636
2495 2261
4538 1370
2495 2872
2632 2124
2495 2042
2495 3534
2495 1436
2495 4181
4869 3004
2495 3834
2495 633
2495 4544
2495 3682
2495 873
2495 1463
2495 482
2495 4616
1588 1497
2495 1247
2495 3646
2495 2466
2495 1275
2495 3539
2495 4130
2495 1066
2495 2507
2495 1134
2495 3992
634 4357
2495 1394
2495 4747
2766 636
4578 4635
4964 4486
2495 208
4211 2737
2549 4391
4017 4027
3308 3582
3267 2087
2495 291
2495 1663
2495 340
4057 1561
106 3239
2495 1321
2495 4789
2495 876
2495 2153
2495 1161
2495 4692
2495 1812
2495 1450
2495 2082
2495 1020
2944 2937
2495 1997
2495 4796
2495 3006
2495 3416
2495 265
2495 2443
2495 4188
2495 418
2495 3160
2495 1922
2495 120
2495 4887
1285 2174
2495 3691
3300 3886
2495 3519
2495 347
4993 1977
2495 3685
2693 614
755 4673
2495 3481
2211 359
2495 4248
3298 4987
2495 4118
2495 3731
2495 816
2495 460
2495 1652
4489 1164
2495 1082
2495 2352
2495 4909
2495 1258
2495 4075
2495 3942
2495 2878
2495 4976
2495 3863
1194 861
2495 1937
4391 1941
2495 1755
2495 4452
2495 4114
2495 4790
2495 2351
2495 2556
2495 1067
2495 1870
2495 396
2495 4123
2495 3658
1840 3729
2495 316
2550 842
2495 4629
2932 2376
2495 2446
2495 132
1073 2825
4976 4712
2495 1293
4544 571
2495 3609
2495 4668
1809 3219
3123 1931
1520 1049
2495 693
2495 3793
981 2273
2495 4561
2495 324
2495 1742
2495 2590
2495 3620
2495 2706
2495 4406
2495 3169
2495 684
265 3097
2495 1499
2495 3394
2495 740
2358 2429
286 4399
2495 4721
718 2041
3187 2127
2495 4822
2495 2637
2495 2977
2495 513
2495 4583
2873 438
2495 1491
2495 123
2495 3527
2495 1668
2495 4886
2495 417
2495 558
2213 2829
493 1430
2495 1078
4887 651
1742 2178
2495 719
4489 2538
3554 35
2495 3771
2495 1649
2495 4276
2495 2405
838 4780
2495 3836
2495 1853
2495 4203
2495 2959
2495 4175
843 2423
2495 1675
2495 4102
2495 3087
2495 1879
2495 107
2495 588
2495 1021
2495 3742
2495 2839
2495 1483
2495 638
2495 1751
2495 183
2495 2045
4886 2094
1879 190
808 2665
2495 1287
848 2955
1668 3917
2495 3190
2495 335
4395 2836
3802 2882
2495 4344
2495 2463
1801 1810
52 4954
2495 860
316 4146
2495 1409
4406 3193
2495 3938
2495 2142
2495 1360
2495 3435
2495 2470
445 716
4616 793
2471 3867
2495 1010
2041 4291
2495 4940
1801 506
4446 2914
2495 2006
2495 138
2495 3016
2495 4806
2495 73
2977 3113
2495 1026
2495 1059
2495 4715
2495 4847
2495 2318
2495 2652
4836 2163
2495 552
2495 1127
2495 544
4560 3117
2495 3112
848 2979
2495 4331
718 2638
4562 2432
2495 700
2495 1163
2495 1919
2495 2128
2495 523
2495 3975
2495 1762
2495 2908
2495 4571
2495 3170
2495 1379
2495 1189
2495 899
3112 1609
2495 3760
4486 1038
2495 2305
4176 372
2495 1281
2495 3477
2495 2516
2495 3799
2495 4894
2495 2861
1090 1054
2495 4352
2495 1713
3219 4493
2495 1272
2495 1014
2495 1390
2495 2715
2495 4330
2495 1524
3534 3498
2082 924
2495 1974
3856 2490
1247 1095
2495 1008
3113 828
4970 2641
3298 1373
2495 3994
1531 1376
2495 3082
2495 109
2495 4777
2495 2479
2495 3643
2495 4101
3682 4433
2495 3355
2495 4748
2495 620
2495 5000
2495 4878
2495 4113
2495 2327
2495 3931
2495 2569
4181 4110
2495 3874
2495 4864
2495 3161
1524 2913
2495 2601
2495 2899
2495 2085
1014 3890
2495 2027
2495 2216
2128 1061
2495 1126
2495 1758
2495 3789
2495 963
2495 3118
2495 2234
2495 4641
4434 470
4796 3264
2495 2694
2495 4069
2495 4429
2495 1398
2495 1341
1049 1900
2495 4915
2495 3484
2495 1686
2495 4347
2027 4187
2495 1001
2495 4482
2495 3289
2495 1839
2495 4325
2495 3207
3876 2444
4022 3143
2495 4481
2495 4387
1937 4160
2495 2134
636 353
2495 4898
2495 2588
2495 2309
2908 2274
2495 2700
2495 2275
2495 521
2495 3185
2495 2917
2495 1455
552 810
2495 239
2495 3306
1299 3179
2495 2389
2495 4273
2495 948
2495 1209
3229 859
4156 61
2495 3294
2495 4111
2495 4109
2986 4165
2495 1645
2495 1851
2495 1255
2495 1704
2495 1141
2495 4566
2495 1955
2495 245
2495 383
2495 489
2495 2377
2495 4163
2495 2391
2495 2292
2495 4550
2495 2113
2495 4722
2495 534
4489 2884
2495 1470
2495 192
2495 1927
2495 252
2495 3713
2495 1638
4395 3671
2495 322
2495 4018
2495 269
2495 531
2495 3151
2495 4397
2495 2433
2495 1300
4241 4745
2495 3997
2446 4942
2495 1769
2495 877
2495 1435
2495 284
2495 3202
2495 3283
2495 2589
2495 3781
2495 918
3742 122
2495 4491
2495 771
2495 3797
2495 4813
2495 4799
252 1603
2495 54
2495 4031
2495 4368
2936 1598
2495 3733
2108 4926
4276 2889
2495 2647
2495 4258
2495 1610
2495 320
2495 488
2495 4362
4957 4551
2495 1411
2495 2252
2495 3707
2495 3515
2495 3910
2652 4210
2495 1734
779 1594
2495 1943
2495 4833
2495 3670
2495 2314
2495 3572
2495 2194
2248 2521
2495 819
2495 387
2495 251
2495 645
2436 1856
2495 4949
2766 2191
2495 3869
4915 4849
2495 3860
2495 1157
2507 2742
2495 3704
4796 4528
2495 3909
2495 1363
2495 3651
2495 4278
2495 2362
2495 3352
2495 1864
3931 1577
3866 1511
4697 3321
2495 3043
2495 663
2495 234
2495 4946
2495 3345
2495 246
2495 4503
2495 1113
2495 516
2495 426
1204 1759
2495 2073
3707 1805
2495 392
2495 1240
2495 1120
2495 2414
2944 2690
2495 1438
2495 2745
2495 3446
2495 3335
2495 575
2495 1519
2495 1625
3218 4247
2495 4348
3185 1852
3118 3900
2495 911
2495 2661
2495 385
2495 525
2495 2407
2495 2961
2495 3722
2383 1024
1010 1106
2495 3448
2495 1562
4833 3476
2495 4402
2495 3048
2495 3233
2495 1187
2495 1312
2495 2494
2495 1084
2495 913
2495 577
2495 3210
2766 1259
2495 58
2495 2282
2495 3944
1927 497
2495 3956
2495 4238
2588 2544
2495 4885
1106 3716
2495 1745
320 3739
2495 227
2495 1902
3013 3636
2042 1644
1519 3525
3584 2110
2213 429
2933 334
2495 4664
2495 195
2495 2166
2495 1326
2495 1301
246 3585
2495 616
2495 2162
2495 4842
1084 3551
4847 3508
2495 3724
2495 3014
2495 4407
2495 630
2495 4455
2495 3710
2495 508
2495 2125
2446 4834
2495 2759
2495 4149
1156 3989
1161 4607
2495 2593
2495 3455
2495 494
2495 2734
2495 4920
2495 8
2495 3104
2495 1906
2495 2010
4291 1510
2718 2424
2495 2299
4022 1744
2495 112
2495 4911
2495 3511
2908 809
1061 1714
2495 319
2495 1335
2495 3823
2495 2212
2495 3175
1296 2317
2495 2138
426 735
54 2460
2495 3279
2495 2203
2495 3072
4203 730
2495 450
2495 2509
2495 1046
2495 4564
2495 2667
2495 3094
2495 4524
1612 1340
2495 1883
4175 2723
2495 3125
2495 3163
2495 94
2495 2272
2495 3041
2495 3091
2495 4051
2507 3589
2495 1923
3753 2271
2495 4858
2495 1778
2495 2090
2495 4105
2495 2456
2495 850
2495 748
926 3056
2495 2563
2495 2816
2495 3647
2495 1539
2495 4262
4544 2462
2495 2445
2495 1798
2495 3943
523 3450
2495 1581
4782 3660
2495 1838
2495 1726
2495 3672
2769 1486
2495 1564
2495 3880
2495 2834
2495 4684
2495 3555
2495 2865
2495 3291
2495 4219
2495 4888
2495 4483
2495 419
4163 4183
2495 647
2495 1162
2495 3057
2495 715
2495 708
2932 2160
2495 4242
3853 3998
2495 4643
3321 2080
924 1948
718 3309
2495 1291
3525 3610
2495 3307
2495 3708
2495 351
2495 4633
2495 4162
2495 1723
2495 422
2495 3286
360 583
2495 2019
2495 2092
2495 4843
2271 321
2495 259
2495 3986
2495 1070
2495 703
2495 1000
2495 2086
2495 784
2495 3231
2495 529
2495 2224
4156 694
2495 4466
2495 209
2495 4382
2495 983
4799 1098
779 2879
1827 1309
259 2208
2495 4299
2495 1768
2495 1661
2495 1908
2495 621
2495 501
2495 2421
2495 1817
724 3895
2495 4447
2495 1079
1726 199
1581 4876
195 759
2495 2136
2495 2196
4954 3596
2108 2972
2495 1823
2495 3528
2495 3723
2495 2633
2292 782
2495 285
2495 3389
2495 4928
4894 3951
2351 2190
3193 524
2495 333
2495 275
3450 662
2429 3377
2495 196
2495 2748
1652 2244
2495 4298
2495 867
2638 3095
2495 2576
508 160
2495 2497
2495 469
2495 1042
2495 1859
2495 4477
2495 2227
2196 25
4942 3459
2495 2725
4887 1861
1340 3324
2495 2646
3609 2915
2495 1203
2495 2442
2495 3843
2495 2971
4069 4418
2495 2570
2495 4179
983 159
2495 2330
2495 4852
2495 4977
2495 3927
2495 542
2495 471
2495 4994
2495 1933
2495 4364
2495 3284
2495 2371
2495 4605
2495 3075
2495 831
2495 2465
2495 2074
2495 971
2495 2534
2495 3273
4160 4529
953 3242
2495 1785
2495 862
2495 3642
2495 890
2495 4700
2495 402
2495 4329
2495 994
2495 1192
2495 289
1255 2635
2495 4570
1204 3813
2544 1959
2495 3192
2495 4574
2495 2711
4156 3102
2495 1385
2495 3939
1084 2076
2495 4980
2495 2488
2495 2920
2495 4293
2495 1791
2495 4532
2495 3425
2495 1328
2495 627
2495 3775
2495 4412
2495 2246
2495 773
4911 3074
4111 3953
2495 3257
2261 4535
445 1165
2495 3615
4566 669
2495 4087
2495 1333
2495 837
2495 4342
2495 2210
2495 4596
2495 990
2495 3599
2495 4423
3989 4931
2495 1915
2495 770
2495 1016
2495 3536
2495 2928
2495 622
2495 140
2495 3776
2495 3171
2495 225
199 4539
2495 3429
2495 2005
2495 2055
2495 1366
2495 4337
2495 3015
2495 1965
1010 3051
2495 2640
2495 1621
2495 3854
2495 1089
2495 2264
918 4710
2495 4883
2495 1671
2246 709
1758 2528
622 2964
2495 4096
2495 496
2495 4013
2495 2228
2495 4104
2495 233
2495 4731
2495 43
2495 4586
2495 3735
2495 4744
2495 4093
4571 1554
2653 457
3448 2375
1519 4973
2495 3979
2495 3265
1240 2749
2495 1737
2495 2364
2495 4624
2495 4602
2549 1761
2495 294
2495 3833
4684 3073
2495 1557
2495 4966
2495 4910
2495 1701
2718 1648
2495 2754
2495 2602
1163 3637
2495 3566
2495 432
2495 1316
4643 3957
493 82
2495 1149
2495 3533
2495 3422
2495 3028
2495 3702
2495 2819
2495 533
2495 2514
2495 1150
2495 4361
2495 1692
2495 2840
2005 4733
2495 1279
2110 3777
2495 3966
2495 3616
2495 2916
2495 1563
1223 4984
3179 4543
2495 254
1373 2952
2495 892
3004 3212
2495 2431
2495 4309
2495 4917
2495 4929
3351 4454
1090 4081
2495 3871
2495 3037
2495 1071
2495 279
2495 3798
2495 3935
2495 2029
2495 4333
275 4335
2495 3703
2495 4270
2495 1342
4483 2598
2715 1019
2495 1670
2495 129
2495 4919
2507 824
2495 72
2495 4294
2495 4841
2495 1456
2446 1117
771 3748
2495 532
2495 3982
2495 4196
2495 606
2495 345
2495 4585
2495 1774
2495 4736
2495 3331
2495 4630
918 2020
1668 2230
2495 4390
2495 3772
2495 522
2495 3451
2495 1545
2495 2668
4493 2600
2495 3896
1019 3995
2495 2519
2495 683
2495 1268
2495 4511
2495 2612
2914 4173
2495 3165
2495 3757
2495 2254
2495 462
1285 4116
2495 386
2495 4037
2495 1920
2495 4821
2495 2771
2495 1475
2495 1679
2495 3717
1927 1361
2495 3374
1455 191
2495 2021
2495 3648
4397 1469
2495 65
2495 124
2495 4675
4278 4663
2495 4119
2495 3846
2495 3911
2495 2823
2495 3852
2495 599
2857 4304
2495 3622
2495 3807
2495 1449
2495 110
2495 4417
4114 1080
2495 1138
2495 1011
2495 3447
2383 3438
1937 4439
3142 4889
1300 2035
911 1454
2495 3882
2495 2983
2495 3391
2495 4378
2495 539
1519 666
4616 3618
2495 2629
3279 4137
2495 3316
651 2622
1409 3641
2495 3136
2652 411
4931 1736
2495 3314
2495 925
2495 1845
2495 2800
2495 803
2495 4708
2495 4662
3679 2644
2495 4998
1084 3624
1067 4995
2495 1386
2495 3341
2495 1514
2495 2743
2495 299
2495 3517
4402 1740
2495 481
4675 1132
2495 431
2495 218
2495 798
2495 4634
2495 2696
4987 492
1744 1735
3210 794
2495 14
2495 4706
2495 4807
2495 815
3722 4901
2495 3305
2495 3122
2495 416
2495 1842
2495 4266
2495 4873
123 2283
2495 858
588 1102
2495 1056
1737 1866
2495 806
225 3692
1785 2751
2495 3920
4504 665
2495 4403
2495 1911
2495 2524
2495 3303
2495 2155
2495 968
2495 3612
2495 4992
2495 933
2495 3879
2495 4637
2495 1100
2495 1384
720 3197
2495 1407
2495 668
2495 500
2593 4038
2495 4826
2495 4612
2495 3906
2495 305
2495 1329
2495 1374
2495 476
2495 4310
60 2614
2495 2554
2495 2493
2495 4359
2495 2236
2495 1444
2495 2536
2495 1076
2495 2258
2889 4846
4203 752
2495 2223
2495 4916
2495 503
2495 2946
537 1718
1974 1057
1370 2963
2495 1140
2495 2487
2495 4400
2495 894
2495 856
1785 1214
2495 2988
2495 2997
2495 1872
2495 4422
2495 3769
2495 3696
3692 4577
667 3687
4885 4903
2495 2522
2495 3440
2495 1378
2495 1263
2495 2004
2495 2307
2495 1183
2495 4366
2495 4025
2495 2365
2495 4381
2495 485
1120 2529
2495 1344
2495 3195
2495 2396
2495 1404
2495 2331
2495 3340
2495 1180
2495 3390
2495 4541
4304 1693
4543 3861
2495 4556
2495 2100
2495 2724
2495 85
3070 414
2495 4971
3267 1144
2495 920
3267 1975
2495 4425
2495 4021
2638 3902
2495 4411
2495 515
2495 979
2495 792
580 2765
4940 147
2495 4781
2495 4988
3393 1722
2495 4552
2495 878
2495 4024
1389 2533
2495 201
2495 3787
2495 1136
2495 137
2495 2876
2495 1567
2495 1315
1519 3695
2495 2712
2495 1063
2495 3366
4025 3587
2971 2348
2495 568
2495 1045
2495 4168
2495 3844
2495 1826
2495 1250
2495 1683
3314 4922
2495 4473
2495 2321
2495 2709
2495 2775
2495 2186
2495 2187
2495 602
2495 163
2495 1392
2495 870
2495 1804
2495 2427
2495 2623
2495 754
2495 1184
2495 1862
4293 2168
4949 4956
2495 4891
1693 2311
2495 4267
2495 458
838 1616
2495 4
2495 3514
2495 2866
2534 4588
2495 2762
2495 726
2495 1273
2495 2793
2495 3478
2495 2999
227 4077
2495 139
2495 4704
2495 1013
4888 713
2495 535
2495 2887
666 760
2495 3411
2495 4728
1127 1930
2495 3282
2495 3467
616 976
2495 4332
2495 829
2495 2808
2495 3157
2495 3796
2495 2664
2495 3899
4489 2306
2495 1036
4486 655
2495 1689
1084 4907
2495 4862
2495 2491
2495 1703
2010 2682
2495 706
2495 1012
1842 1674
2495 1525
2495 2850
2495 303
2495 777
2495 916
4637 365
694 1314
2495 888
2128 4593
1889 435
2223 2270
2712 1875
2495 3485
4278 4572
2495 1882
2508 2756
2495 853
2495 4263
3589 1257
2495 2360
2495 2256
2495 3135
2495 4150
2495 4703
1165 1913
2495 3174
2495 1988
2495 885
4957 4996
2495 302
3931 3550
2495 10
2495 3919
2495 4896
2495 2517
3927 2811
2495 4892
2446 1178
2495 3878
2495 2502
2488 1585
2495 3361
2495 4351
2495 2871
715 972
2495 4260
2243 2911
2495 2182
3082 3626
2495 4875
2495 2170
2495 1234
806 3268
2495 1350
1751 4079
4980 4619
2495 325
3267 4938
2495 1466
2495 2119
2495 2981
2495 1878
2495 1950
2495 1573
3813 3520
2495 3770
2495 4899
2495 1007
2495 1895
2495 2058
2495 1904
2495 2298
2495 1467
2244 1462
2495 4164
2495 1833
3719 2828
2495 4622
3798 2420
2495 99
1409 3086
2495 3930
2495 2193
2495 283
2495 1503
2495 1221
2495 4496
3799 3066
2495 1954
2495 4687
2600 2595
1444 1226
2495 1116
2495 4097
2495 907
2495 257
2495 696
2495 2485
2495 2152
2495 2176
2495 4981
2495 2301
2495 2780
2495 3466
2495 3791
2495 4058
2495 1732
4541 240
918 2628
2495 4448
2495 135
2495 2500
2495 1433
771 1990
2495 3071
2495 2803
2495 329
2495 3559
2495 3240
2495 687
4110 1874
2495 146
2495 3507
2495 2418
2495 2260
2495 865
2495 1318
2495 4190
2495 4338
2495 1575
3774 1420
2495 2002
2495 4501
2495 3213
2495 4370
1189 472
2495 369
73 3139
2495 1496
3143 3510
4864 714
2041 2815
2495 734
2495 2370
2495 464
4988 3595
2495 4041
2495 4487
2495 4398
2495 790
2495 725
2495 3348
1166 2858
2495 3434
2125 49
2495 3392
4270 573
2495 4239
2495 901
2495 4930
2495 4392
2884 1634
2878 1837
2495 4147
2495 999
2495 2403
3222 2151
2495 3490
2495 1867
2495 3712
2495 1027
2495 4734
2495 863
2495 3295
4483 3474
2495 2464
2495 4201
3867 4302
2495 3684
2495 736
2495 1099
2495 2609
2495 1641
3550 4825
2495 430
2495 3553
2495 102
2495 3795
2495 1298
257 1327
2495 4319
2495 830
2495 3870
2495 26
2495 3018
1007 2648
2495 4050
2495 224
2495 1655
2495 4592
2075 2036
2495 902
2495 4839
227 2818
1187 2097
4022 4484
2495 3059
2495 4475
3286 2814
2495 635
2495 3168
4160 629
2495 4073
2495 1905
4156 689
2495 2651
2495 3580
1648 883
2264 1536
2495 4830
2495 1336
2495 3681
2495 3365
2495 659
2495 2009
2495 367
3648 4094
2495 2120
2495 931
2495 131
2495 363
2495 3399
2495 1195
2495 2571
2495 4237
2005 1009
2495 2199
2495 4969
3658 2434
2495 4625
2495 3469
2495 1443
2534 2123
2596 554
2168 2426
2495 3560
2495 4943
2495 2941
2495 2144
3534 1863
2495 2585
2495 1198
2462 4769
2495 1324
2495 1558
2495 3058
2495 357
2495 4698
4094 1193
2495 4419
1100 3960
2495 3486
2228 1589
2495 1956
968 1171
2495 4854
2495 2874
2495 2368
319 3408
2495 1958
2495 2233
2495 4223
2495 1880
2495 4648
2495 4546
2495 3493
2495 762
2495 2631
2495 2334
2495 1457
1804 4927
2495 961
140 649
2495 778
3812 3786
2495 1479
2495 3145
2495 371
305 3328
2495 4563
2495 4261
2495 1267
2495 1578
2495 2841
2495 1381
2495 3946
2908 1417
2495 2406
2495 547
2495 4934
2495 1897
2495 2296
2495 4125
2495 526
1156 3403
2495 3491
2495 12
2495 3810
2914 4303
2495 3825
2495 1802
2495 4186
2495 4033
2495 2105
4186 4098
860 4476
2495 549
1882 3576
2495 3250
2495 1521
2165 3936
2495 4492
1557 4705
2495 1191
2495 1529
3428 4456
2495 3468
4987 3680
2495 384
1226 4798
2495 4148
2495 4533
2495 453
2495 2386
1911 3562
2495 4212
2495 2146
2136 1115
2495 2385
3014 2185
2495 4199
2358 1474
2495 1282
2986 746
2495 744
2495 4253
2495 1200
4877 3299
2495 1002
2495 969
4118 1105
2495 296
2495 608
2495 711
2495 2621
2495 3971
2495 1962
2612 3078
3994 3873
2495 2238
2495 3961
2495 4518
2495 4334
2495 658
2495 40
1314 2846
4093 4584
888 3744
4499 1055
2495 1377
1378 388
2495 954
2495 729
2495 1606
2952 1349
2495 2895
3927 3209
2495 3662
2495 2699
2495 2043
2628 1949
2495 2350
2495 51
2495 4207
2495 238
2495 185
2495 3406
2208 3763
2495 2779
2495 1556
2495 4393
2495 478
2495 4982
2495 4754
2495 697
2495 579
2495 4912
2495 4346
2495 841
2495 297
73 2890
2495 2801
2495 3934
3536 4867
2495 2605
2429 4542
2495 1251
3527 2287
2742 2995
2495 2017
4381 2284
4848 681
2495 2467
2495 2954
4160 4340
2495 2868
1755 739
2495 1688
2495 3339
1915 3667
2495 330
2495 1508
2495 977
2495 4442
2495 1706
2495 487
2495 2949
1251 2701
2495 4341
2495 389
2495 1280
2495 1985
3514 3993
2495 3617
2495 4941
5000 4367
2495 1631
2495 2081
2495 4226
976 1747
2495 804
2495 764
2495 3828
2495 2843
2495 2728
2495 4797
2495 2965
2495 2761
2495 3593
4541 3897
2977 951
2495 3569
2495 3608
2495 205
2759 4590
2495 4091
1810 3131
1661 3045
2495 2810
2495 4758
3209 1886
2495 609
2495 116
2495 4615
3087 2540
2495 407
2495 601
2495 276
2495 4255
3896 3473
2495 155
2495 2449
2495 4088
2495 1393
2495 3574
2495 3501
2495 4881
2495 1040
1726 4214
2495 3801
2495 4202
1036 4773
2495 2179
2495 172
2495 317
2495 4139
2495 1786
2495 3246
2495 530
2699 1555
2495 1677
2244 821
2495 150
2495 545
2495 1653
2495 486
2495 3427
2495 679
2495 4986
3658 566
2495 3558
2495 1967
2495 509
2495 2015
2495 1523
2495 1029
2495 3858
2495 1896
2495 4817
2495 19
2495 2077
1361 2832
2495 2154
2495 349
2495 2322
2495 253
2495 4765
2495 3317
2495 3253
2495 1756
2495 53
2495 1004
3525 903
2495 4313
2495 3449
2495 3488
2495 3686
2495 550
2495 4567
2495 1750
2495 802
4024 4523
2495 4232
2495 3029
2495 997
2495 3162
1722 2279
2495 4740
2495 4023
2495 3673
2495 1651
2495 3270
2495 3269
2495 3277
2495 4008
4822 2106
2495 1
2495 1446
2495 1831
2495 800
2495 2295
4624 3255
3936 1591
3029 2359
2495 89
2495 1781
4780 3126
679 2951
2495 3441
2495 2974
2495 728
329 1403
2495 2835
2495 4071
842 1131
2495 119
2495 944
2495 2501
2495 795
2495 206
2495 1544
2495 66
3339 4396
2495 991
2495 3725
2495 4015
1417 1172
2495 266
2495 2830
2495 455
2495 3785
3931 271
2495 3385
1747 2344
3774 3360
2495 1182
2495 3928
2495 1984
531 4082
2495 623
2495 2674
351 4531
907 2452
2495 1678
2495 2257
2495 2838
2495 600
2495 4292
2495 4213
2495 4732
102 170
2495 517
2495 3065
2495 348
3014 908
2495 463
2985 1241
2495 4990
2495 3232
2495 314
2361 376
2495 2285
2495 3248
2495 3529
4344 2996
2495 1939
2495 615
2495 4152
3450 3619
2495 2658
3086 690
2495 3805
2495 437
4303 4354
2495 415
2495 538
2495 1217
2495 3877
2495 125
2495 2312
2495 3959
4116 2555
972 2978
2495 1973
2495 4236
2495 4154
2495 2740
2495 2560
2495 1820
2495 2102
3695 3611
2495 4555
305 221
289 1972
110 2886
2495 2856
2495 491
2495 2512
926 1347
2495 3479
2495 3586
3704 4042
2186 331
2495 3532
3195 3050
2495 1453
2495 3497
2706 87
2495 4326
2495 4682
2495 2356
3723 4608
4546 2266
1020 3093
2495 1784
2495 4373
2495 3228
2495 1093
2495 4812
2495 4245
2495 4006
2110 4599
2495 946
2495 1590
1498 682
2495 184
2495 992
2495 2565
2495 4997
2495 3211
2495 1439
2495 671
2495 3333
2495 796
3606 1425
2495 4655
2495 1310
497 1222
2495 4014
2495 436
1761 567
2495 940
2495 3103
2495 2251
2495 2912
2495 4751
2495 2323
2495 1245
2495 1699
1628 2958
2495 3349
2495 2680
2495 2824
2495 3859
2495 2060
2495 3272
719 2158
2495 4937
4320 2072
2495 871
2495 4540
4577 2366
2495 2956
2223 4865
2495 4960
2593 1850
2495 3811
2495 3146
2495 202
2301 3838
2495 4647
2495 2336
2495 4587
2495 2992
2495 156
1240 852
2495 3198
892 4895
2495 4727
2495 2531
697 775
3729 3688
2495 4308
2495 1050
2495 2719
2495 2333
3520 1993
2495 582
2495 1910
2495 4450
2495 4035
4211 3000
2495 3141
2495 2708
3878 84
2495 2942
3719 1033
2595 2543
2495 2122
2495 2140
694 3737
2495 2300
254 1471
2495 3415
2495 2028
2075 3354
2495 4517
2495 4336
2495 4282
4949 2515
2495 1500
2495 4693
2495 327
2495 1650
3796 3698
2495 2281
3382 1782
4008 30
2521 955
2495 3234
3211 3124
2495 4200
2495 565
2495 4284
2495 3521
2495 4527
2495 1205
1536 3664
2495 674
2495 1925
2495 3387
2495 3638
2495 2907
2495 3728
2495 2642
2495 3829
2664 4360
2495 1921
2495 2387
2495 2201
2495 1428
2495 2457
2886 2453
2495 2392
2495 449
2495 787
2495 797
2495 4372
2495 519
2495 789
2495 1253
4928 1130
2495 273
2495 1244
2495 731
2495 1916
2495 2326
2715 1028
2495 1639
2495 3020
2495 3690
2495 589
2495 581
4165 932
2495 4569
2495 4645
2495 29
2495 1348
2495 3133
2495 3516
2495 1619
2495 3471
2495 1484
2495 145
2495 2276
4334 1994
2495 2727
2495 243
2495 4959
3279 1412
2495 3924
2495 4122
873 3105
2495 1261
2495 2130
2495 4914
2495 3955
2495 4010
2495 2863
2495 1667
2495 1400
2495 604
2495 3188
2495 2797
2495 3583
2495 1776
2495 1754
2495 4048
2495 1799
2495 3676
2495 2022
2495 2098
2495 3780
1036 4427
4852 4185
2495 2319
838 3376
2495 1274
2495 4128
2495 4264
2160 4155
2495 1834
2495 2455
2495 1792
2495 1260
2495 3205
2495 1302
2495 4805
2495 1421
2495 511
3789 2171
2495 4068
2495 4730
2590 3888
2495 3036
2495 2172
2495 4386
2832 2764
2495 3783
1437 1981
1699 2826
2495 1005
2495 2448
2495 1212
2495 100
2495 2394
2495 2320
2495 962
2495 247
2295 1715
2495 4428
2495 3990
2495 1306
2495 3522
2495 2159
2495 3683
2495 4070
1525 3409
2495 1458
2495 3152
3776 4756
2495 214
2495 3889
1533 4323
2495 592
2495 1371
2495 742
3498 4638
2495 986
3878 3263
2495 1909
2495 2744
2495 4206
2495 833
2495 1128
3520 4287
2745 2625
2766 2007
2495 4040
2495 727
2495 231
2495 4816
2495 4254
2495 3444
2495 4441
3536 4893
2495 241
1342 3336
2495 540
2495 358
2495 423
2495 866
2679 625
1046 4983
2495 868
2495 3407
2495 644
3308 3543
2495 1541
2495 945
2495 5
2495 1111
2495 4078
2305 1890
2495 672
2495 3262
2495 2987
2495 142
2495 4089
2495 4046
2495 3259
2495 3031
1421 4345
2495 738
1908 4132
4162 570
2495 1884
2495 3204
2495 1626
2495 832
2495 1979
2495 3068
2495 3577
2495 68
2810 4169
2495 855
2495 274
2495 2506
2495 3044
2495 2413
2495 80
2495 874
2495 3243
2495 4409
2495 1489
3534 1513
2495 1177
208 3001
2495 4376
2495 2339
2495 1169
2495 1387
2495 2498
2495 3976
2495 70
2495 3674
2495 3019
2495 2091
2495 827
2495 4932
2495 2235
3928 381
2495 1220
2495 1730
2495 801
2495 2975
601 4678
4483 59
423 33
2495 1803
2495 6
4242 3541
2522 2398
2495 897
4157 1429
2495 3984
4946 3216
2495 767
2495 3561
2808 4420
2495 2870
3984 3215
2495 4606
2495 3402
2495 3794
2495 2044
2495 844
2495 4772
2495 1746
4592 451
2495 3111
2495 702
2495 3824
2495 3901
2495 1816
2495 1763
2495 2469
2495 1227
2495 1934
2495 3046
3638 4471
2495 4947
1070 4802
2495 2991
4048 704
2495 1565
2495 4410
1071 2399
2495 2175
2495 1047
2495 2929
2495 2613
2495 2851
2495 1032
2196 1970
1927 4581
2495 270
2495 3850
2495 394
2495 3342
2495 483
351 2923
2495 403
2495 2688
2495 2845
2495 1356
4517 4828
4094 1966
2495 3950
2495 3344
2074 2150
995 3855
2495 4056
2495 475
2495 952
472 1395
2495 4696
2495 4512
2495 3779
2495 4609
4258 4349
2495 2218
2718 2103
2495 217
2495 2849
2495 293
2495 64
2495 2921
2495 4868
2886 2095
2495 2624
940 2714
2495 2143
2495 4965
2495 2304
321 3761
2495 3678
53 786
2495 1743
2495 1725
2495 807
609 4133
2495 3359
2495 2315
2495 1526
2495 3755
3684 287
2495 4837
2255 2643
2495 2852
2495 2381
2495 1646
2495 2566
2495 1477
2495 4749
2495 4691
2495 1528
4267 743
3216 36
2495 4404
2495 966
2495 3088
2495 3436
2495 315
2495 1135
2495 536
2495 474
3348 3400
2041 4968
2495 1262
3179 3318
517 2968
2495 2892
2495 1041
2495 661
1321 3480
3707 3312
2085 3252
2495 3039
1029 4559
2495 499
2495 3439
2497 1208
2495 3445
2495 4669
2495 3535
2495 1201
2495 1829
2495 956
2495 3062
2495 4665
2495 657
2495 3653
2495 3892
2495 2525
2495 4850
2495 3404
4638 409
2495 1112
2495 2557
3994 3301
2495 1771
2495 578
2495 2040
2495 4795
2495 676
2495 1698
2495 2607
2495 3182
2495 936
2495 1383
3425 78
979 4178
4323 914
2495 4479
1010 2129
2495 2001
2495 4874
2495 4180
1489 1461
2495 1229
2495 3600
2495 4161
2646 79
259 3632
4993 46
2495 1216
281 2948
1837 1052
1922 4458
2495 1794
2495 845
2495 1237
2495 1465
2495 3570
2495 637
956 584
2495 4829
2495 2663
3843 439
3250 1901
2495 3009
625 2419
2495 4500
2495 3293
2625 1546
1014 3081
2495 4809
2495 1104
2495 2395
2495 2767
2495 2380
2495 1995
2495 1700
2495 3038
2495 2883
2495 2903
2495 4766
2495 3573
2495 1048
2495 4126
2495 2390
2495 3296
2495 3538
2495 4786
2495 207
2495 4589
1736 1940
2495 3225
1859 118
2495 1107
4270 3808
2495 3247
2495 4145
2495 769
1977 188
2495 1399
2495 3633
2495 1354
2495 336
2495 4405
3351 692
2325 3244
2495 4444
4017 3669
2495 975
2495 3129
2495 4933
2495 39
2495 4062
2495 2859
2495 2806
2495 1705
2495 3849
2495 2855
4486 23
2495 3721
2495 4771
2810 1236
2495 3084
2495 4060
2495 3132
1561 3288
2495 228
2495 2205
4101 395
2495 318
2344 1986
2495 3500
2495 4121
2495 4424
2495 4776
2653 1086
2495 219
2495 4233
2495 1265
2495 4856
3498 2454
2495 654
2495 2993
1528 4020
2495 4047
2495 88
2495 3047
2495 4316
2495 4275
2495 4053
2495 2286
2495 938
2495 2574
2495 1530
2495 3238
3259 2422
961 699
2495 4666
2495 1382
2495 328
2495 2047
2495 3287
2495 4948
2495 1647
2495 4680
2495 1402
1941 4283
209 1206
2495 2578
1718 2795
2495 4723
2495 1848
2495 2539
2495 3746
961 2188
2495 2425
1519 4363
2166 3548
4207 3983
2495 3144
877 3237
2495 262
2495 373
2495 2107
2495 4908
2495 300
64 3311
2495 4763
2495 1593
2407 4135
2495 1673
489 3741
2495 1951
2495 1254
2162 4978
2495 278
2495 2716
2495 3060
3522 4863
4587 215
2495 3201
1316 3010
2495 338
2652 3364
2495 1175
2495 3751
2495 1320
2495 3398
2495 4080
2495 1418
2495 2099
2495 2393
2495 4770
2495 244
1967 1405
2495 134
2495 2692
4163 1505
2495 2310
2836 4430
2495 3176
2495 2084
2495 2121
2495 3790
2495 4838
2495 3766
3617 737
2495 4421
2495 2582
84 4568
4638 1142
2495 2953
2495 3631
2495 1031
2495 3173
2196 4667
2495 3758
1279 28
3266 3884
4993 4658
2495 4621
2495 1114
2495 3905
2495 941
3228 1408
2495 1824
2495 3578
2495 3327
2391 4240
2495 413
2495 2451
4111 2401
2495 2918
2495 1963
2495 733
4334 673
2495 4519
1993 799
2495 55
2495 857
2489 235
2495 2237
2495 1627
2495 4951
2495 69
2495 473
2495 1441
2495 179
2495 3338
2495 1025
295 2676
2495 1355
2495 261
2495 4365
2495 4413
2495 2962
2495 1788
2495 1968
3174 1311
2495 258
2495 3697
4150 978
4325 4039
3406 846
2495 1269
4647 421
2495 4217
2495 1849
2495 4167
2495 3623
2495 2630
2495 2088
2495 211
2495 136
2495 1960
2495 2277
2495 1636
2495 1738
2495 3547
2495 1188
2495 2064
2495 3076
2495 2438
2495 4467
66 3545
2495 4627
2495 631
3404 250
2495 2594
2495 917
2495 4989
2244 1711
810 1797
2495 2337
2495 4117
2495 1181
4978 1413
3696 660
2495 1506
2495 2000
2495 3666
2495 813
3663 2770
795 4618
2495 3868
2495 1065
2495 2169
2495 2848
2495 836
2495 1570
2495 4791
2495 613
2495 546
2495 3384
2495 2773
2495 2541
2495 3705
2495 4064
2495 4009
2495 4265
2495 1789
2495 3099
2495 3625
4668 1538
831 1898
2495 4701
2495 959
2495 561
3836 2717
3133 2788
2495 4958
2903 4801
2495 1018
2495 216
2495 3
4817 4755
2495 4516
2495 3310
2495 3128
2495 4855
2495 1846
2495 2157
2495 2827
2495 4974
438 311
1993 4459
2495 1358
2892 1532
2495 3782
2495 3487
1471 1708
2495 957
2495 4582
3619 982
2495 4140
2495 2747
2495 4209
2495 1419
2495 2412
4781 2003
2495 1266
2495 1490
2495 1938
2495 4063
2495 4536
2495 1308
2495 1522
2495 3932
2495 3549
3636 768
2495 3656
2495 3505
4559 1139
2495 1249
2495 912
2401 1015
3769 4882
2495 3383
2495 2373
2495 4324
2495 3923
2495 4719
2495 2657
2495 4884
2495 4440
1934 791
2495 3475
2495 2940
2495 171
2495 610
2495 2707
2495 4554
2495 4646
2495 1662
2495 3530
2495 212
2495 2197
2495 4246
1898 2369
3798 1124
2495 1676
2495 1137
2495 4465
2495 105
2495 4594
2495 2302
2495 1215
2495 3464
2495 2480
2495 466
2495 898
1909 2805
2495 1022
2495 4827
2320 749
2495 2057
2495 2384
2495 4463
2495 851
2495 3965
125 1153
2495 2167
2495 164
2495 4228
2495 4525
2495 3835
2467 3098
2495 1978
2495 2902
2495 2
2495 3418
2495 1364
2495 1547
2198 1160
3144 1365
2495 960
2495 3894
1890 4195
2495 441
4584 2710
3514 2573
4027 1451
2495 4095
2270 691
1418 4724
2495 3991
1261 2768
2495 3297
2495 4720
2495 2934
2495 3063
2495 574
2495 93
2495 1271
2377 1608
1181 882
2495 2746
2495 1611
2495 3594
2495 3186
1450 2504
227 1482
4957 2597
2495 2575
1878 1795
2495 4120
2495 3181
2495 1869
2495 3601
2923 3694
2495 624
2495 3557
4531 3693
2495 2553
2495 2905
2495 380
1856 929
1699 2853
2495 3999
2495 2220
2495 756
2495 2104
3959 4470
2495 705
2495 223
2495 374
883 2567
2495 4072
2495 1426
2495 839
2495 4702
2495 1152
2495 2662
2495 881
3198 747
2495 4558
1940 344
2495 1094
3195 4961
2495 149
2270 4526
4326 2703
2495 3158
4946 1694
2495 3754
2495 7
2495 2374
2495 4840
2495 3430
2495 2900
2495 632
2495 459
2495 753
4795 3200
2495 4811
2495 1599
2495 1472
2495 2111
2495 3891
2495 2499
2495 4143
156 3988
2122 1295
2153 24
2495 1592
2495 1101
2718 96
2495 260
2495 4103
2495 4649
4056 3842
2495 3947
662 4166
2495 3460
2495 2722
2495 3368
2495 4861
2495 993
2495 2313
2495 1023
2495 626
2495 4437
2495 1081
2495 1996
2495 2580
2495 1372
1386 4371
2495 2195
2495 1145
2495 4653
2495 750
4261 410
2495 1077
2495 4713
2495 2898
2495 4699
386 2894
2495 2583
4240 3140
2495 4480
2495 425
2495 2791
2495 4115
2495 2672
2495 3981
2495 1765
2495 2586
2495 2654
4535 3008
1927 783
2850 167
2495 505
2495 434
2495 1945
2495 1143
2495 4090
2495 1944
2495 3941
3899 4436
2495 4177
2495 3184
1649 1806
2495 4985
2495 3734
2495 1600
2495 3629
2495 1912
2495 964
3625 2204
2495 3649
2495 3292
3360 1039
2495 1218
2495 4297
2495 585
2495 424
371 2980
2495 3378
2495 1753
2495 3974
2495 3818
2495 1239
2495 126
2495 4718
2495 3356
4238 707
2495 1459
2495 4955
3762 2404
2495 3153
794 2472
2495 586
2495 701
2724 17
2495 3214
2495 4321
2495 2217
908 2242
2495 757
2495 1721
4481 4591
2495 121
2495 4171
2495 2263
2495 498
2495 2297
2495 518
2495 4545
2495 788
2495 3083
2495 2862
2495 2461
2495 1391
2495 949
2934 4548
2003 2945
1443 4281
2495 2927
1610 1666
1188 2730
2495 76
2495 3614
2495 74
2495 71
2495 849
2495 3470
2495 3732
4128 900
2495 563
2495 3417
3004 2268
2495 3330
2495 4377
2495 4318
2495 3115
2495 213
2495 3727
4156 3334
1347 2599
2495 2023
3719 4514
2495 906
2495 4991
2495 4197
2495 4681
2495 3503
2495 2247
2495 4671
2495 3465
2495 1680
2495 3114
2495 4962
2495 42
2495 4685
3425 1822
2495 4244
2495 420
2664 2016
2495 2239
1251 1702
2495 1580
2495 2410
2495 2032
2495 3208
235 2561
2495 1367
2495 2117
1038 3916
4795 144
2495 1277
2495 1757
2495 1147
1291 3453
2495 2428
4197 379
2495 1969
2495 1396
2495 1068
2495 1691
2495 479
2495 1243
2495 4182
1609 527
4422 556
3955 3290
2495 2278
2495 4350
2495 1185
4232 4918
2495 1380
2495 1231
2495 4289
2495 1991
2495 4358
80 2901
3141 1058
2495 2604
2495 3313
4467 2721
2495 2289
2495 3150
2495 2241
2495 4746
2495 1982
2495 3024
2495 553
2495 3970
2495 1992
2908 4065
2495 1835
1145 896
1420 3524
2495 4737
1181 2096
2495 2200
2495 641
4745 2050
729 3904
2495 3650
742 3452
2495 3749
2495 352
2495 1074
2495 1946
2495 362
2495 2579
2495 3261
3869 3542
2740 3597
2495 2581
2495 154
2495 2037
2495 847
2495 2345
1221 3100
2495 2262
2495 3274
2495 3388
2495 2184
2495 2478
2495 3410
4891 1813
2495 4414
2495 2265
2495 745
2962 2259
4356 2013
2495 2141
2495 3395
4110 3011
2495 210
2495 2231
2495 3280
2495 1473
2495 399
2495 204
2495 2726
2495 4632
2495 3241
2495 4999
3781 1980
2495 864
2495 4227
2495 1110
2495 4866
2495 1103
2495 840
2495 1035
2495 4775
2495 4054
2495 103
339 4243
2495 2328
2495 593
4165 3003
2495 3958
2495 587
2495 605
2495 57
2495 1566
2495 4739
2199 2492
2495 444
916 1288
2495 280
2495 3768
2495 2686
1420 3711
4878 1509
466 3322
4712 2777
3873 2786
4693 2618
2495 2280
3505 90
2495 3085
2495 1485
2495 3592
2495 1800
2495 551
2495 1495
2495 1284
74 3380
2495 2904
2495 3767
2495 781
2495 2131
662 927
2495 3332
2495 1690
2495 677
2495 1552
3450 4495
2495 4426
2561 4509
2495 2486
2495 4725
2495 1752
2495 1158
4841 1414
4681 4750
4070 3827
2495 397
2495 1999
1147 3236
2495 2739
2956 197
2495 1807
324 1492
2495 1235
3296 1947
1810 2639
2495 1932
2495 4752
2495 947
3312 4897
2495 3433
2495 3437
1472 1559
2495 3602
2022 3865
2495 3116
2495 2885
2495 618
2495 1665
2495 656
2495 186
2495 2523
2495 2610
2495 4225
2495 2592
2495 3147
2495 3281
274 1319
3173 814
2495 1468
2495 2416
2495 1844
1639 2372
2495 4067
2495 2343
2495 4726
2495 267
2495 2869
2495 3645
2495 452
276 2947
2495 3864
2495 1624
2495 4557
4685 1724
2495 2896
2495 4394
2277 2341
2495 4576
3589 83
2495 3463
2495 343
3535 1125
2495 1493
1419 446
2138 3375
4164 2378
2495 2018
2289 4979
2495 2802
2495 4824
2495 2189
2495 18
2495 3329
2495 1060
483 3420
2495 3872
2495 2240
2495 4314
2495 1488
2495 1534
2495 4172
2495 3343
3088 4510
2495 2984
2495 4679
2858 203
2495 1053
2495 2061
2972 3022
2495 3025
2495 2772
2495 2147
2495 4784
2495 572
2495 2960
225 1034
2495 15
2495 3106
3920 2926
2495 4534
2495 648
2495 4952
2495 310
2495 1681
2495 3985
2495 3053
2849 4279
2495 77
2495 4610
2495 4066
2495 548
2495 3806
2495 698
2495 805
2987 1888
2495 117
555 772
2641 2702
2495 1868
2495 1971
2495 3397
2495 3156
1205 2024
2495 3304
1889 1501
2495 2919
3711 1502
3106 3199
2495 37
2495 282
2495 1926
2495 1397
2495 405
2495 2408
2495 2316
2495 4004
2495 2821
2495 3814
2495 1847
2495 1159
4913 2649
2495 818
2495 4530
2495 3007
2495 3980
2539 3750
2495 1292
2495 1238
2495 4385
2495 915
2495 2741
2495 4449
2495 2804
2495 3531
2495 2738
2495 237
2495 2998
2495 3575
3648 1440
2495 2796
2495 4580
2495 158
2495 1406
2495 2532
2495 3412
1856 1855
2495 2126
2495 97
2495 3061
2495 4921
273 1515
2495 2173
2495 3134
2495 1109
2495 3456
2495 591
2495 368
2495 1656
2495 428
2495 785
1744 1527
2495 1584
2495 4810
2495 4711
2715 391
2495 323
2495 92
2453 4252
2495 230
2495 128
2495 4249
282 3180
2495 3908
2495 180
3018 2014
2495 973
2495 3709
2495 1283
2495 909
2495 1535
2495 3108
2495 2161
2495 3898
4302 4451
4265 4461
1723 268
2495 2056
3982 4218
3685 1727
2495 4026
345 1375
1326 3815
2495 1317
1208 3194
2495 510
2495 1828
2495 4401
2495 1151
2495 4462
2495 965
3558 3964
1349 2822
1652 4384
2495 3032
2495 4112
2803 3537
2495 891
2495 2931
2150 4818
2495 3885
2495 2950
2495 2054
2495 477
2495 2118
2495 664
2495 2192
2495 2659
3286 2324
481 312
2495 4902
2566 4905
2495 2660
2495 4792
2495 3700
2495 3613
2495 4488
2495 3320
2495 2526
2495 2367
633 2068
2495 1685
2495 1256
2495 1118
3213 3907
2495 3655
2777 2346
2146 3164
2495 2783
2495 4741
2495 1332
1171 4660
2495 2547
2495 130
2495 1088
2495 3837
556 1873
2495 1998
2111 3973
2495 3926
2495 2731
2495 27
2495 822
2495 1197
3330 2349
2495 2133
2495 3590
2495 1657
2495 879
2495 2837
2495 4689
2495 2034
561 1586
2495 2214
2588 3745
2495 910
2495 3726
2495 2650
1774 4272
2495 3937
2495 2089
3173 3370
2495 4092
2495 2943
2495 4753
4868 3809
3175 1876
2495 988
2495 2705
2495 3912
4102 3494
2495 3929
2495 811
2495 2685
2631 490
2495 3254
2495 4497
2495 2164
2495 557
2495 1044
2495 1635
2495 3363
2495 4250
2495 1843
3497 1617
1013 2048
2495 3652
2495 1825
2621 3883
2495 2439
2495 1369
2889 617
202 2291
2495 3862
1921 1537
3828 3563
2495 2970
2639 313
2495 1213
2495 4107
2495 2875
2495 835
3055 1542
2151 4142
2495 4327
2495 590
2495 4490
2495 4438
1702 56
2495 4100
3246 3492
4661 3276
2495 2250
4696 4174
2495 2620
2495 4779
4558 309
2495 904
1861 4127
2741 366
2495 2785
2495 3661
2495 1518
2495 1085
2495 3482
2495 114
4482 1432
2495 1891
2495 1416
2495 2229
2495 2030
3010 3183
2495 4432
2495 3800
2495 3230
2495 4286
2495 3792
1804 1232
2495 21
2495 4464
1691 4513
4150 4343
2495 3235
2495 2584
2495 4374
2495 1431
4454 3759
2802 2860
735 2976
2495 2939
2495 3002
2495 2400
27 1767
2495 2611
2495 1422
2495 2053
2495 4216
2495 2831
2495 2473
2495 484
2495 1345
2495 4460
2495 95
2495 1717
2495 404
2495 288
2495 875
2495 3568
3890 2222
2495 958
2495 2290
2495 115
3298 619
2495 3224
2726 4717
2495 4478
3536 4709
2495 3220
2495 3166
2495 220
2495 2135
3404 400
2495 2973
3711 2397
2495 3148
2495 2698
3893 2990
2495 277
4884 562
2495 2115
2495 4872
2495 2967
2495 3839
4555 2093
2495 3350
2495 1887
3413 520
4289 3401
2495 1516
2495 2812
2707 1006
2495 2966
4928 242
4258 1929
2495 3189
846 3221
2495 4626
2495 1337
2495 3472
2495 4844
2495 3372
2495 4208
2495 2989
2495 465
2495 2925
2495 1494
2495 1815
2233 2267
2495 675
793 3848
2495 2253
2495 1818
2495 1353
2495 45
2495 3659
2495 4939
2532 2673
2495 4084
2495 1618
1070 3431
3723 1595
2495 1207
2495 3191
2495 4890
2495 2520
2495 67
2839 2636
2276 751
2495 3120
2495 576
2495 3591
2495 3654
2495 3887
2495 4614
2495 2065
3798 4963
2495 942
2495 1543
2495 3714
850 2833
2495 2577
2495 3588
1970 4617
2495 3952
2495 4159
4310 3730
2495 2447
2495 2481
2968 4650
2495 2678
2495 4170
2495 652
2825 1447
2495 2071
2495 1871
2495 3030
1135 443
2495 3506
2903 1773
1302 4045
286 495
2495 1478
1715 2363
2495 921
2495 1289
4063 1323
2495 3706
2495 950
2495 2177
2495 2634
1931 1357
2495 1211
2495 4498
4886 4515
3297 1190
3018 2468
2495 2794
979 4134
2495 1633
1950 401
2518 448
2495 1604
2495 4136
2495 2782
509 1614
2325 854
4025 4794
2495 2551
2734 2051
2495 2180
2495 1129
2495 4383
2495 3249
2495 869
2495 3443
2439 1480
2495 4522
2495 2132
2495 2755
2495 1574
2495 1225
2495 2477
2495 1841
2495 1720
2495 2338
2495 1252
4009 1448
4228 2012
2495 101
2477 4083
1533 893
3658 922
2495 2149
2495 31
2495 2897
2495 974
2495 148
2495 4192
2495 3963
1420 3743
2495 3978
1128 1410
154 157
2495 1122
180 3821
3287 3109
2495 3627
2495 4575
2495 4339
2495 4579
2495 332
2495 3362
2495 4670
2495 2689
2495 461
2495 256
2495 4936
2495 1615
2495 3379
2699 4672
2495 1343
2495 1286
2495 4138
2495 3765
1266 2450
2495 290
2495 2353
2495 4328
2495 4762
4504 427
733 3603
4255 143
2495 1401
2495 2181
2495 3564
2022 3172
2495 3605
2650 3914
1784 3110
3690 4547
2495 2513
2495 1549
2495 3285
2495 1568
2495 1601
2495 4288
2121 4768
2495 4595
661 3925
2495 2430
2495 4674
2495 1907
2495 467
3620 2732
2495 2670
2495 3323
2495 603
2495 3373
4400 2503
2495 1304
2495 4380
2495 4416
384 1620
2495 2645
2495 3458
2495 1576
2495 998
2495 1270
562 3489
2495 598
2495 1452
2495 4311
2495 222
1333 4944
2724 4644
2495 650
740 2784
1419 3816
2495 1051
2495 3315
2495 2546
2495 4049
2495 2778
2495 3509
2495 2922
1530 3552
2495 2537
2495 4611
1418 4565
2495 4221
2495 3260
2495 2854
2495 1415
2495 1352
2495 1942
2495 308
2495 4820
2495 4257
2495 2787
2495 2924
2495 3784
2863 2482
2495 1427
2495 1741
2495 628
2495 4760
2495 4002
2495 20
2495 4108
2495 514
3857 3556
813 2552
2495 3764
2495 4601
2439 4613
2495 1892
2495 2209
2495 2226
2495 3598
2495 2388
2495 1388
2495 272
2495 3546
2495 4742
3798 2232
2495 2156
2495 1830
1827 4835
2495 62
4461 1504
2495 4880
2495 4520
2495 200
2495 4494
2495 3432
2495 3483
2495 4189
2495 2608
2507 528
2495 1952
4236 4300
2495 3640
2495 996
3974 1836
2495 612
2495 1819
4898 3720
613 1196
2495 4235
2495 3581
3354 4935
2495 3635
2495 3227
2495 695
2495 3021
2495 3040
4081 4783
1771 2776
2495 4735
2495 298
2495 16
2495 646
4551 1936
4247 4106
2495 2752
2495 4222
3759 4640
2495 2033
2495 741
2495 1790
3145 32
2495 326
2495 1832
2041 127
2495 3817
2003 4269
2495 4808
2495 169
2495 3972
2495 4549
2495 1154
2495 3639
2495 930
4855 640
2495 1476
2495 4296
2495 3319
2495 1368
2495 3271
2495 1313
2495 4005
1569 3077
2495 248
644 1796
2495 1121
734 1780
2495 3090
2495 3841
2495 678
2495 2249
4025 4007
2495 2417
2495 4654
2495 1914
2495 2559
2495 1173
2495 2792
2495 4231
2495 3840
2495 1716
2495 3689
2495 1351
2495 3159
2495 597
2495 1729
2495 2681
2495 3738
2495 1749
2495 2114
2495 823
2495 3967
613 989
2495 1339
2495 1423
2495 3245
2495 3495
2720 834
1375 2288
2495 3130
2495 889
2495 564
2495 3788
2495 3832
3643 923
2495 4631
3950 3665
2495 133
2495 1346
4429 1092
2495 3657
3057 543
2495 1083
3490 1325
2495 3847
308 502
2495 408
2495 1640
2495 108
3692 1623
2495 1728
2495 4353
2495 3851
2495 710
2495 611
2495 4906
2495 905
2495 4972
3257 4870
2495 194
2495 3026
2495 4431
2495 3607
2495 2760
2495 2245
2495 4012
2495 4205
2495 2530
2495 1760
2495 680
2792 3644
2495 3949
2495 189
2495 507
2495 1297
2495 1091
3916 642
2495 820
2495 2619
2336 4453
2495 1230
2495 4457
489 3256
2495 229
3800 3127
2168 3178
2495 1779
2495 1464
2495 1793
2495 4099
2495 3922
199 2729
2495 406
2495 4003
2495 307
2495 4030
2588 236
748 3630
2495 4967
2495 393
2495 2735
2495 1881
4511 1571
2495 4141
2495 4229
2495 341
2495 2807
276 1613
2495 454
2495 378
2495 717
2495 2221
2495 1632
2495 1696
2495 3499
2495 301
2495 4194
2495 825
2495 3353
3140 1199
2495 4032
651 4290
2495 113
2495 1877
2495 2813
2495 2697
952 4052
2495 3358
2495 3502
2495 342
2495 2568
2495 1777
2495 4831
2495 4686
2495 1550
4062 1290
2495 3042
2495 412
2495 2109
2495 166
2495 1579
2495 1964
2495 2440
2495 3968
4032 468
3742 2038
2495 3457
3912 4234
2495 4743
2495 3119
2495 2293
1639 1659
1084 1893
2495 2798
2495 375
2495 1622
213 1003
2495 3069
1044 4469
2495 1155
2495 1764
4634 2355
2495 4191
4409 1572
2495 1507
2495 2938
2495 2031
2495 1168
2495 688
4054 4553
2495 2025
2495 2877
3994 3033
2495 3571
3287 984
2495 3621
4257 3518
2495 34
2495 104
2495 175
2495 1682
705 3419
2495 2052
2495 2303
1349 75
2495 2617
2495 176
2495 2910
2495 4198
2495 193
2495 3933
2495 2510
4480 4688
2495 4774
611 2867
2495 4000
2495 2847
2495 1858
2495 3820
2495 2969
2495 3369
4350 2527
2495 723
3009 2046
2495 919
2495 364
2237 3715
2495 2957
2495 4639
2495 4832
2495 2817
4417 2011
3370 3915
2495 4295
2495 2753
2495 3054
2495 895
2495 884
964 3138
2495 2294
2495 3017
3221 2733
2495 4657
2495 2308
2495 2476
2495 1148
1161 141
2495 1233
2495 4603
2473 1170
2495 4322
1435 2139
2495 4256
4251 512
2495 4695
2495 63
2495 2079
2495 3567
2495 2844
2495 3371
2766 2219
2495 1133
2495 1770
2495 4224
2495 4729
2495 174
510 2484
2495 153
4040 2880
2495 1540
2495 3023
4529 4034
1336 560
2495 1305
3908 2781
909 3421
2495 1096
1452 2603
4664 3137
2495 165
2495 4317
577 3752
53 1331
2495 2535
2495 1097
2495 1219
2495 4415
2495 2137
2495 943
2526 3325
1249 1517
2495 3747
2495 712
2495 812
2495 2616
1001 3756
2495 47
3646 4823
2495 4305
2495 3903
2495 2763
2495 2790
2495 4506
2495 4158
2495 2687
2495 440
3468 2026
2495 1167
2495 4604
2495 2587
2495 2183
630 765
2495 2402
2495 1202
2495 4315
4964 3079
2495 1637
2495 2909
2495 504
2495 3107
3323 4312
2495 4620
2495 3223
2495 2070
2495 2357
2495 1953
4870 2049
1214 3948
2495 2799
2093 1278
2495 2675
2495 480
2495 2411
2495 2982
2495 4505
3856 151
2495 1075
2495 2842
2495 1719
2495 1146
2495 3803
2495 1687
2495 4193
2495 3092
2495 1917
2495 4507
2495 370
2495 1548
2495 41
2495 3347
2495 1899
2495 1885
1809 2606
2495 594
2495 2206
2495 4280
2495 182
3723 1210
339 1224
2495 3954
2495 4651
2495 1017
2495 3251
2749 1957
1901 3969
2495 2063
2495 1748
4384 2415
1552 4129
75 1739
2329 1602
2495 3668
2495 4001
2495 1596
2495 4683
2495 2067
327 4853
2495 3826
2495 1242
2495 2564
2495 4485
2495 2112
2495 306
2813 2757
2495 442
2495 2684
2495 4389
3681 255
2495 1710
1857 4690
2956 4074
2495 263
2495 1303
3589 3101
2495 4793
1638 1865
2495 1597
2495 3804
2495 595
165 2891
2495 1821
2495 4028
2495 2332
2495 4268
2495 1359
4509 249
2259 3167
2495 4815
2495 3913
2495 1987
3809 4230
696 361
2495 4814
2495 2572
2727 1811
2495 1894
2495 4677
2495 1338
2428 4785
3812 3414
2495 3337
2495 607
2495 2474
2495 2548
2495 4043
3087 2881
2495 2382
2495 3830
3087 1442
2495 178
2495 939
2978 2669
2495 1434
2495 2809
2495 3396
2495 3819
410 168
2495 1587
2495 91
2495 4271
4618 2459
3844 1731
2495 1787
2495 653
2495 3740
2495 1772
2495 2496
2495 3699
2495 3996
2495 2039
2495 4375
2495 3089
2495 4860
1700 3405
2495 3226
2495 354
2495 3628
2495 22
2495 3987
2495 2750
4316 1697
4702 3346
2495 3778
2495 4285
2495 2545
2495 2627
2495 2888
2495 292
2495 722
2495 2591
2495 226
2495 337
1237 761
2495 1924
1631 13
2495 4044
273 4307
2495 2101
2495 390
2495 872
2495 2441
2495 2656
2495 1669
2495 3921
650 1123
2495 2666
2495 826
2572 967
1375 2435
2495 1330
2495 2116
2495 4716
2495 4904
2495 4759
4135 1709
1012 985
2495 3034
2495 4355
2495 2695
2495 162
2495 1672
2495 2083
2495 4029
201 2774
25 766
2495 3496
2495 2335
2495 3423
1162 4306
2495 2626
2495 2062
2495 2069
2495 4301
2495 3275
2469 2542
117 161
2495 152
2495 4435
2495 3454
2495 2615
2495 3012
2495 4900
2679 1069
2495 758
2495 4953
2495 1684
2495 4151
2495 670
2495 3386
2495 1030
1209 3155
2495 4803
2495 3773
2495 2511
592 2078
2495 1294
2495 2683
2495 3962
2495 4537
2495 4764
3141 356
2308 3096
2495 1487
2495 4215
2495 2713
2495 686
2495 4761
2495 934
2495 1766
2495 886
2495 2691
2495 2558
2495 1903
2495 643
3740 3540
873 4676
170 4204
3757 559
2495 1814
2495 3918
2495 1976
651 1481
2495 4124
61 3634
2495 4859
284 4800
2495 987
3424 639
3122 1660
2495 3718
4807 4502
2032 2340
2495 4274
2495 1860
2495 4598
2495 3675
2495 4408
275 970
2495 4804
2495 4131
1801 3512
2495 2342
2495 4628
2495 181
